pose: 
  position: 
    x: -3.335665307055251e-08
    y: -2.4618157230702396e-08
    z: 0.0
  orientation: 
    x: -9.396597321085226e-08
    y: 1.2732434437548776e-07
    z: -2.7770282184713255e-10
    w: 0.9999999999999876
covariance: [1e-05, 0.0, 0.0, 0.0, 0.0, 0.0, 0.0, 1e-05, 0.0, 0.0, 0.0, 0.0, 0.0, 0.0, 1000000000000.0, 0.0, 0.0, 0.0, 0.0, 0.0, 0.0, 1000000000000.0, 0.0, 0.0, 0.0, 0.0, 0.0, 0.0, 1000000000000.0, 0.0, 0.0, 0.0, 0.0, 0.0, 0.0, 0.001]
PRODUCED:  [(1.3873821751588401e-06, 5.420124530792236), (0.5000025574477553, 5.335219860076904), (1.0000037275133355, 5.272148132324219), (1.5000048975789158, 5.26317024230957), (2.000006067644496, 5.220259189605713), (2.500007237710076, 5.199534893035889), (3.0000084077756566, 5.103100776672363), (3.5000095778412366, 5.081427574157715), (4.000010747906817, 5.0656561851501465), (4.500011917972397, 5.018587589263916), (5.000013088037978, 4.985437870025635), (5.500014258103557, 4.984592437744141), (6.000015428169138, 4.938304901123047), (6.500016598234718, 4.882986068725586), (7.000017768300299, 4.842724323272705), (7.500018938365878, 4.805370807647705), (8.000020108431459, 4.747668266296387), (8.500021278497039, 4.733732223510742), (9.00002244856262, 4.6935553550720215), (9.5000236186282, 4.675983905792236), (10.00002478869378, 4.660183429718018), (10.50002595875936, 4.582360744476318), (11.00002712882494, 4.639260292053223), (11.50002829889052, 4.588591575622559), (12.0000294689561, 4.58353853225708), (12.50003063902168, 4.560374736785889), (13.000031809087261, 4.510593414306641), (13.500032979152842, 4.4553375244140625), (14.000034149218422, 4.466691493988037), (14.500035319284002, 4.45969820022583), (15.000036489349583, 4.429239749908447), (15.500037659415161, 4.386144638061523), (16.000038829480744, 4.320111274719238), (16.500039999546324, 4.279984474182129), (17.000041169611904, 4.33413028717041), (17.50004233967748, 4.261229515075684), (18.00004350974306, 4.257913589477539), (18.500044679808642, 4.246049880981445), (19.000045849874223, 4.240504264831543), (19.500047019939803, 4.252303600311279), (20.000048190005383, 4.191414833068848), (20.500049360070964, 4.189355850219727), (21.000050530136544, 4.181517601013184), (21.500051700202125, 4.206238746643066), (22.000052870267705, 4.145580291748047), (22.500054040333286, 4.086200714111328), (23.000055210398866, 4.109278202056885), (23.500056380464446, 4.107372760772705), (24.000057550530027, 4.067335605621338), (24.500058720595607, 4.074277400970459), (25.000059890661188, 4.093127250671387), (25.500061060726768, 4.049015998840332), (26.00006223079235, 4.036934852600098), (26.500063400857925, 4.112170219421387), (27.000064570923506, 3.9740183353424072), (27.500065740989086, 3.9428796768188477), (28.000066911054667, 3.948951482772827), (28.500068081120247, 4.006165981292725), (29.000069251185828, 3.9601073265075684), (29.500070421251408, 3.978091239929199), (30.00007159131699, 3.9402832984924316), (30.50007276138257, 3.9548768997192383), (31.00007393144815, 3.9382269382476807), (31.50007510151373, 3.959642171859741), (32.00007627157931, 3.915264129638672), (32.50007744164489, 3.918142795562744), (33.00007861171047, 3.8902063369750977), (33.50007978177605, 3.9193947315216064), (34.00008095184163, 3.8816330432891846), (34.50008212190721, 3.9427223205566406), (35.00008329197279, 3.87917423248291), (35.50008446203837, 3.826925039291382), (36.00008563210395, 3.8835084438323975), (36.500086802169534, 3.8280231952667236), (37.000087972235114, 3.845261573791504), (37.500089142300695, 3.8867006301879883), (38.000090312366275, 3.8580679893493652), (38.500091482431856, 3.8147013187408447), (39.000092652497436, 3.8394155502319336), (39.50009382256302, 3.8341922760009766), (40.00009499262859, 3.8217661380767822), (40.50009616269417, 3.8568239212036133), (41.00009733275975, 3.821451187133789), (41.50009850282533, 3.7954835891723633), (42.00009967289091, 3.852707862854004), (42.50010084295649, 3.8305084705352783), (43.00010201302207, 3.832906484603882), (43.50010318308765, 3.807647943496704), (44.00010435315323, 3.8695876598358154), (44.500105523218814, 3.8069605827331543), (45.000106693284394, 3.834202289581299), (45.500107863349974, 3.8489797115325928), (46.000109033415555, 3.783662796020508), (46.500110203481135, 3.863234758377075), (47.000111373546716, 3.8229777812957764), (47.500112543612296, 3.875903606414795), (48.00011371367788, 3.8822360038757324), (48.50011488374346, 3.798807144165039), (49.00011605380904, 3.7960007190704346), (49.50011722387462, 3.831841468811035), (50.0001183939402, 3.7901532649993896), (50.50011956400578, 3.8590657711029053), (51.00012073407136, 3.868739128112793), (51.50012190413694, 3.8209540843963623), (52.00012307420252, 3.861696720123291), (52.5001242442681, 3.870119333267212), (53.00012541433368, 3.893807888031006), (53.50012658439926, 3.8179969787597656), (54.00012775446484, 3.8340821266174316), (54.50012892453042, 3.848555564880371), (55.000130094596, 3.8692281246185303), (55.50013126466158, 3.9127798080444336), (56.00013243472716, 3.890674591064453), (56.500133604792744, 3.9219918251037598), (57.000134774858324, 3.8917417526245117), (57.500135944923905, 3.924886465072632), (58.00013711498948, 3.941437244415283), (58.50013828505506, 3.9376819133758545), (59.00013945512064, 3.8987958431243896), (59.50014062518622, 3.9442477226257324), (60.0001417952518, 3.9106862545013428), (60.50014296531738, 3.952524423599243), (61.00014413538296, 3.9222521781921387), (61.50014530544854, 3.9483139514923096), (62.00014647551412, 3.9867775440216064), (62.5001476455797, 4.0059075355529785), (63.00014881564528, 4.047824859619141), (63.50014998571086, 3.9754912853240967), (64.00015115577645, 4.033921718597412), (64.50015232584202, 4.058398723602295), (65.00015349590761, 4.078942775726318), (65.50015466597318, 4.099808216094971), (66.00015583603877, 4.097620487213135), (66.50015700610435, 4.0858941078186035), (67.00015817616992, 4.105762004852295), (67.5001593462355, 4.137531757354736), (68.00016051630108, 4.1230621337890625), (68.50016168636667, 4.129610061645508), (69.00016285643224, 4.157629489898682), (69.50016402649783, 4.212383270263672), (70.0001651965634, 4.168509483337402), (70.50016636662899, 4.2592997550964355), (71.00016753669456, 4.257166385650635), (71.50016870676015, 4.251665115356445), (72.00016987682572, 4.308481693267822), (72.50017104689131, 4.306131839752197), (73.00017221695688, 4.319596767425537), (73.50017338702247, 4.3449602127075195), (74.00017455708804, 4.354259490966797), (74.50017572715363, 4.402459621429443), (75.0001768972192, 4.385846138000488), (75.50017806728479, 4.435174942016602), (76.00017923735037, 4.446789741516113), (76.50018040741595, 4.4978814125061035), (77.00018157748153, 4.525944709777832), (77.50018274754711, 4.565936088562012), (78.00018391761269, 4.497893810272217), (78.50018508767828, 4.569090366363525), (79.00018625774385, 4.610146522521973), (79.50018742780944, 4.615851402282715), (80.00018859787501, 4.647201061248779), (80.5001897679406, 5.1393890380859375), (81.00019093800617, 5.159795761108398), (81.50019210807176, 5.162803649902344), (82.00019327813733, 5.13482141494751), (82.50019444820292, 5.070379257202148), (83.00019561826849, 5.183347702026367), (83.50019678833408, 5.065432071685791), (84.00019795839965, 5.116905212402344), (84.50019912846523, 5.088900089263916), (85.00020029853081, 5.124292373657227), (85.50020146859639, 5.087414741516113), (86.00020263866197, 5.075355529785156), (86.50020380872755, 5.073230266571045), (87.00020497879314, 5.045212745666504), (87.50020614885871, 5.049508571624756), (88.0002073189243, 5.08632755279541), (88.50020848898987, 14.10328197479248), (89.00020965905546, 14.20265007019043), (89.50021082912103, 14.323975563049316), (90.49979194564331, 4.999549865722656), (90.9997931157089, 5.0036468505859375), (91.49979428577447, 4.96659517288208), (91.99979545584006, 4.962769985198975), (92.49979662590563, 4.947410583496094), (92.99979779597122, 4.97434139251709), (93.49979896603679, 4.966126918792725), (93.99980013610238, 4.974603176116943), (94.49980130616795, 4.999190330505371), (94.99980247623354, 5.003294467926025), (95.49980364629911, 4.971957206726074), (95.9998048163647, 4.986523151397705), (96.49980598643027, 4.9416728019714355), (96.99980715649586, 5.000120639801025), (97.49980832656144, 4.966719150543213), (97.99980949662702, 5.010776519775391), (98.4998106666926, 4.9498186111450195), (98.99981183675818, 5.032341957092285), (99.49981300682376, 5.051498889923096), (99.99981417688934, 5.030346393585205), (100.49981534695492, 5.027892589569092), (100.9998165170205, 5.063321590423584), (101.49981768708608, 5.040266990661621), (101.99981885715165, 5.075161933898926), (102.49982002721724, 5.07872200012207), (102.99982119728281, 5.087203025817871), (103.4998223673484, 5.090765476226807), (103.99982353741397, 5.058507442474365), (104.49982470747956, 5.102348327636719), (104.99982587754513, 5.135226249694824), (105.49982704761072, 5.138443470001221), (105.9998282176763, 5.113605976104736), (106.49982938774188, 5.13470983505249), (106.99983055780746, 5.137053489685059), (107.49983172787304, 5.221235752105713), (107.99983289793862, 5.185532569885254), (108.4998340680042, 5.231818675994873), (108.99983523806978, 5.249391078948975), (109.49983640813537, 5.256357669830322), (109.99983757820094, 5.28479528427124), (110.49983874826653, 5.296590805053711), (110.9998399183321, 5.2991719245910645), (111.49984108839769, 5.348304271697998), (111.99984225846326, 5.346237659454346), (112.49984342852885, 5.384018421173096), (112.99984459859442, 5.3751397132873535), (113.49984576866001, 5.432204246520996), (113.99984693872558, 5.451416969299316), (114.49984810879117, 5.434995651245117), (114.99984927885674, 5.452439308166504), (115.49985044892233, 5.447368621826172), (115.9998516189879, 5.5014777183532715), (116.49985278905349, 5.525894641876221), (116.99985395911906, 5.53955078125), (117.49985512918465, 5.590640544891357), (117.99985629925023, 5.612984657287598), (118.49985746931581, 5.663502216339111), (118.99985863938139, 5.712734222412109), (119.49985980944696, 5.687069416046143), (119.99986097951255, 5.689002990722656), (120.49986214957812, 5.771437168121338), (120.99986331964371, 5.7563252449035645), (121.49986448970928, 5.828263282775879), (121.99986565977487, 5.786761283874512), (122.49986682984044, 5.818530082702637), (122.99986799990603, 5.867754936218262), (123.4998691699716, 5.9006195068359375), (123.99987034003719, 5.97256326675415), (124.49987151010276, 6.032692909240723), (124.99987268016835, 6.0561041831970215), (125.49987385023393, 6.0920610427856445), (125.99987502029951, 6.124630928039551), (126.49987619036509, 6.160423278808594), (126.99987736043067, 6.162104606628418), (127.49987853049625, 6.261650085449219), (127.99987970056183, 6.228839874267578), (128.4998808706274, 6.2809157371521), (128.999882040693, 6.351569652557373), (129.49988321075858, 6.340509414672852), (129.99988438082414, 6.319897174835205), (130.49988555088973, 6.309617519378662), (130.99988672095532, 6.343585014343262), (131.4998878910209, 6.296534061431885), (131.99988906108646, 6.364036560058594), (132.49989023115205, 6.374639987945557), (132.99989140121764, 6.332512378692627), (133.49989257128323, 6.2895827293396), (133.99989374134879, 6.283467769622803), (134.49989491141437, 6.306545734405518), (134.99989608147996, 6.362837791442871), (135.49989725154555, 6.324594020843506), (135.9998984216111, 6.244772911071777), (136.4998995916767, 6.336874485015869), (136.99990076174228, 6.28797721862793), (137.49990193180784, 6.3078508377075195), (137.99990310187343, 6.325093746185303), (138.49990427193902, 6.398027420043945), (138.9999054420046, 6.365423202514648), (139.49990661207016, 6.278305530548096), (139.99990778213575, 6.344609260559082), (140.49990895220134, 6.370563983917236), (140.99991012226693, 6.375363826751709), (141.49991129233248, 6.324989318847656), (141.99991246239807, 6.340300559997559), (142.49991363246366, 6.36892557144165), (142.99991480252925, 6.37890100479126), (143.4999159725948, 6.387549877166748), (143.9999171426604, 6.424436092376709), (144.49991831272598, 6.369048118591309), (144.99991948279157, 6.434216022491455), (145.49992065285713, 6.40773868560791), (145.99992182292272, 6.466212272644043), (146.4999229929883, 6.416743278503418), (146.9999241630539, 6.447981357574463), (147.49992533311945, 6.446493148803711), (147.99992650318504, 6.489895343780518), (148.49992767325062, 6.461711883544922), (148.9999288433162, 6.4741997718811035), (149.49993001338177, 6.489776134490967), (149.99993118344736, 6.5694355964660645), (150.49993235351295, 6.557796955108643), (150.99993352357853, 6.5878705978393555), (151.4999346936441, 6.618596076965332), (151.99993586370968, 6.601551055908203), (152.49993703377527, 6.648130893707275), (152.99993820384086, 6.712723255157471), (153.49993937390641, 6.643850326538086), (153.999940543972, 6.686363220214844), (154.4999417140376, 6.722336292266846), (154.99994288410318, 6.705801010131836), (155.49994405416874, 6.792055606842041), (155.99994522423432, 6.706561088562012), (156.4999463942999, 6.765080451965332), (156.99994756436547, 6.815857410430908), (157.49994873443106, 6.833873748779297), (157.99994990449665, 8.84866714477539), (158.49995107456223, 8.863404273986816), (158.9999522446278, 8.928269386291504), (159.49995341469338, 9.00358772277832), (159.99995458475897, 8.999903678894043), (160.49995575482455, 8.803964614868164), (160.9999569248901, 8.645596504211426), (161.4999580949557, 8.574285507202148), (161.9999592650213, 8.318565368652344), (162.49996043508688, 8.253133773803711), (162.99996160515244, 8.111838340759277), (163.49996277521802, 8.00823974609375), (163.9999639452836, 7.246803283691406), (164.4999651153492, 7.282294750213623), (164.99996628541476, 7.235629558563232), (165.49996745548034, 7.353142738342285), (165.99996862554593, 7.3330888748168945), (166.49996979561152, 7.230154991149902), (166.99997096567708, 7.166161060333252), (167.49997213574267, 7.055020332336426), (167.99997330580825, 7.018448829650879), (168.49997447587384, 6.907169342041016), (168.9999756459394, 6.855606555938721), (169.499976816005, 6.717236518859863), (169.99997798607058, 6.649929523468018), (170.49997915613616, 6.576309680938721), (170.99998032620172, 6.449480056762695), (171.4999814962673, 6.429924964904785), (171.9999826663329, 6.335098743438721), (172.49998383639848, 6.240067005157471), (172.99998500646404, 6.200491905212402), (173.49998617652963, 6.0399956703186035), (173.99998734659522, 6.040478706359863), (174.49998851666078, 5.965139389038086), (174.99998968672637, 5.9391913414001465), (175.49999085679195, 5.870262145996094), (175.99999202685754, 5.801508903503418), (176.4999931969231, 5.753220558166504), (176.9999943669887, 5.666759014129639), (177.49999553705428, 5.619266033172607), (177.99999670711986, 5.580161094665527), (178.49999787718542, 5.506311416625977), (178.999999047251, 5.447078227996826), (179.5000002173166, 5.4399824142456055), (180.00000138738218, 5.326661586761475), (180.50000255744774, 5.334014892578125), (181.00000372751333, 5.318177223205566), (181.50000489757892, 5.275508880615234), (182.0000060676445, 5.152474880218506), (182.50000723771007, 5.188146591186523), (183.00000840777565, 5.109232425689697), (183.50000957784124, 5.113358020782471), (184.00001074790683, 5.061740398406982), (184.5000119179724, 5.009898662567139), (185.00001308803797, 4.964317321777344), (185.50001425810356, 4.895457744598389), (186.00001542816915, 4.935226917266846), (186.5000165982347, 4.861891746520996), (187.0000177683003, 4.825954914093018), (187.50001893836588, 4.838172435760498), (188.00002010843147, 4.765111446380615), (188.50002127849703, 4.702917575836182), (189.00002244856262, 4.707692623138428), (189.5000236186282, 4.654727458953857), (190.0000247886938, 4.656099796295166), (190.50002595875935, 4.596243381500244), (191.00002712882494, 4.5815043449401855), (191.50002829889053, 4.544229984283447), (192.0000294689561, 4.5526227951049805), (192.50003063902167, 4.5033979415893555), (193.00003180908726, 4.560359477996826), (193.50003297915285, 4.446985244750977), (194.0000341492184, 4.456264495849609), (194.500035319284, 4.375672817230225), (195.00003648934958, 4.359769344329834), (195.50003765941517, 4.403326511383057), (196.00003882948073, 4.358503341674805), (196.50003999954632, 4.361909866333008), (197.0000411696119, 4.3107147216796875), (197.5000423396775, 4.288107395172119), (198.00004350974305, 4.288661479949951), (198.50004467980864, 4.220483303070068), (199.00004584987423, 4.2155022621154785), (199.5000470199398, 4.208415508270264), (200.00004819000537, 4.21628475189209), (200.50004936007096, 4.167220115661621), (201.00005053013655, 4.1869282722473145), (201.50005170020214, 4.1057209968566895), (202.0000528702677, 4.131816387176514), (202.50005404033328, 4.108091354370117), (203.00005521039887, 4.077486038208008), (203.50005638046446, 4.067115306854248), (204.00005755053002, 4.064335346221924), (204.5000587205956, 4.0811920166015625), (205.0000598906612, 4.032140254974365), (205.50006106072678, 4.055269241333008), (206.00006223079234, 3.987190008163452), (206.50006340085793, 3.99752140045166), (207.0000645709235, 3.995483875274658), (207.5000657409891, 4.003009796142578), (208.00006691105466, 3.9544577598571777), (208.50006808112025, 3.9635679721832275), (209.00006925118583, 3.9749603271484375), (209.5000704212514, 3.922063112258911), (210.00007159131698, 3.8904764652252197), (210.50007276138257, 3.924290180206299), (211.00007393144816, 3.8506572246551514), (211.50007510151372, 3.9176056385040283), (212.0000762715793, 3.8704144954681396), (212.5000774416449, 3.883700132369995), (213.00007861171048, 3.984795331954956), (213.50007978177604, 3.8647334575653076), (214.00008095184162, 3.8684487342834473), (214.5000821219072, 3.857407808303833), (215.0000832919728, 3.9100308418273926), (215.50008446203836, 3.8205325603485107), (216.00008563210395, 3.860792398452759), (216.50008680216953, 3.8488729000091553), (217.00008797223512, 3.870102882385254), (217.50008914230068, 3.7952232360839844), (218.00009031236627, 3.8747425079345703), (218.50009148243186, 3.8401358127593994), (219.00009265249744, 3.799561023712158), (219.500093822563, 3.8615448474884033), (220.0000949926286, 3.859456777572632), (220.50009616269418, 3.8046905994415283), (221.00009733275976, 3.8269121646881104), (221.50009850282532, 3.7689602375030518), (222.0000996728909, 3.832858085632324), (222.5001008429565, 3.8203649520874023), (223.0001020130221, 3.878274440765381), (223.50010318308765, 3.8047215938568115), (224.00010435315323, 3.848464250564575), (224.50010552321882, 3.788668155670166), (225.0001066932844, 3.7717185020446777), (225.50010786334997, 3.7989206314086914), (226.00010903341555, 3.7559006214141846), (226.50011020348114, 3.7967441082000732), (227.0001113735467, 3.839451313018799), (227.5001125436123, 3.852182149887085), (228.00011371367788, 3.79054594039917), (228.50011488374346, 3.8323264122009277), (229.00011605380902, 3.756519079208374), (229.5001172238746, 3.8271546363830566), (230.0001183939402, 3.843475341796875), (230.5001195640058, 3.837157964706421), (231.00012073407134, 3.880737543106079), (231.50012190413693, 3.8065290451049805), (232.00012307420252, 3.8688201904296875), (232.5001242442681, 3.8520290851593018), (233.00012541433367, 3.800184488296509), (233.50012658439925, 3.835270881652832), (234.00012775446484, 3.813951253890991), (234.50012892453043, 3.86751651763916), (235.000130094596, 3.8781819343566895), (235.50013126466158, 3.8498852252960205), (236.00013243472716, 3.8857295513153076), (236.50013360479275, 3.8647568225860596), (237.0001347748583, 3.8635594844818115), (237.5001359449239, 3.946279525756836), (238.00013711498949, 3.926475763320923), (238.50013828505507, 3.8639955520629883), (239.00013945512063, 3.924833297729492), (239.50014062518622, 3.868596076965332), (240.0001417952518, 3.9525210857391357), (240.5001429653174, 3.9156482219696045), (241.00014413538295, 3.926362991333008), (241.50014530544854, 3.9491701126098633), (242.00014647551413, 3.9725279808044434), (242.50014764557972, 3.987318515777588), (243.00014881564528, 4.013675689697266), (243.50014998571086, 4.045182704925537), (244.00015115577645, 4.007890224456787), (244.50015232584204, 3.958157539367676), (245.0001534959076, 4.0555644035339355), (245.50015466597318, 4.063795566558838), (246.00015583603877, 4.022978782653809), (246.50015700610433, 4.088672637939453), (247.00015817616992, 4.0903401374816895), (247.5001593462355, 4.126184463500977), (248.0001605163011, 4.118585586547852), (248.50016168636665, 4.1997294425964355), (249.00016285643224, 4.175411701202393), (249.50016402649783, 4.138632774353027), (250.00016519656342, 4.1625494956970215), (250.50016636662897, 4.201326847076416), (251.00016753669456, 4.215126037597656), (251.50016870676015, 4.275547981262207), (252.00016987682574, 4.2348504066467285), (252.5001710468913, 4.296796798706055), (253.00017221695688, 4.291193008422852), (253.50017338702247, 4.3038177490234375), (254.00017455708806, 4.343609809875488), (254.50017572715362, 4.356032371520996), (255.0001768972192, 4.359529495239258), (255.5001780672848, 4.425663471221924), (256.0001792373504, 4.452131271362305), (256.50018040741594, 4.529728412628174), (257.00018157748156, 4.481889724731445), (257.5001827475471, 4.503561019897461), (258.0001839176127, 4.539928436279297), (258.5001850876783, 4.536231994628906), (259.00018625774385, 4.622108459472656), (259.5001874278094, 4.604081630706787), (260.000188597875, 4.599943161010742), (260.5001897679406, 4.689358711242676), (261.0001909380062, 4.759203910827637), (261.50019210807176, 4.7218499183654785), (262.0001932781373, 4.798623561859131), (262.50019444820293, 4.751928329467773), (263.0001956182685, 4.828987121582031), (263.50019678833405, 4.827723979949951), (264.00019795839967, 4.837728500366211), (264.5001991284652, 4.954630374908447), (265.0002002985308, 4.955366134643555), (265.5002014685964, 5.0050048828125), (266.00020263866196, 5.001121997833252), (266.5002038087276, 5.103212833404541), (267.00020497879314, 5.093631744384766), (267.5002061488587, 5.178376197814941), (268.0002073189243, 5.21045446395874), (268.50020848898987, 5.243054389953613), (269.00020965905543, 5.28760290145874), (269.50021082912104, 5.365773677825928), (270.4997919456433, 6.005939960479736), (270.9997931157089, 6.093125820159912), (271.4997942857745, 6.202523708343506), (271.99979545584006, 6.160013675689697), (272.4997966259056, 6.244225978851318), (272.99979779597123, 6.283271312713623), (273.4997989660368, 6.3626227378845215), (273.99980013610235, 6.385169506072998), (274.49980130616797, 6.456679821014404), (274.9998024762335, 6.543470859527588), (275.49980364629914, 6.661770820617676), (275.9998048163647, 6.699751377105713), (276.49980598643026, 6.757424831390381), (276.9998071564959, 6.850948810577393), (277.49980832656144, 6.897982597351074), (277.999809496627, 6.836338043212891), (278.4998106666926, 6.7667717933654785), (278.99981183675817, 6.824020862579346), (279.4998130068238, 6.659983158111572), (279.99981417688934, 6.647799968719482), (280.4998153469549, 6.652225017547607), (280.9998165170205, 6.590447902679443), (281.4998176870861, 6.532540321350098), (281.99981885715164, 6.461053371429443), (282.49982002721725, 6.487236976623535), (282.9998211972828, 6.514730453491211), (283.4998223673484, 6.400400638580322), (283.999823537414, 6.363517761230469), (284.49982470747955, 6.369913578033447), (284.99982587754516, 6.27725887298584), (285.4998270476107, 6.2668914794921875), (285.9998282176763, 6.235284328460693), (286.4998293877419, 6.252504825592041), (286.99983055780746, 6.180468559265137), (287.499831727873, 6.165935516357422), (287.99983289793863, 6.142008304595947), (288.4998340680042, 6.076402187347412), (288.9998352380698, 6.104096412658691), (289.49983640813537, 6.06822395324707), (289.9998375782009, 5.984763145446777), (290.49983874826654, 5.990573406219482), (290.9998399183321, 6.0070576667785645), (291.49984108839766, 5.9287896156311035), (291.9998422584633, 5.933780670166016), (292.49984342852883, 5.907229423522949), (292.99984459859445, 5.951525688171387), (293.49984576866, 5.899990558624268), (293.99984693872557, 5.862974166870117), (294.4998481087912, 5.839126110076904), (294.99984927885674, 5.802854061126709), (295.4998504489223, 5.846993446350098), (295.9998516189879, 5.840472221374512), (296.4998527890535, 5.943896293640137), (296.9998539591191, 7.302258014678955), (297.49985512918465, 7.273570537567139), (297.9998562992502, 7.296572208404541), (298.4998574693158, 7.324336051940918), (298.9998586393814, 7.214667797088623), (299.49985980944695, 7.191904067993164), (299.99986097951256, 7.223928928375244), (300.4998621495781, 7.18666934967041), (300.9998633196437, 7.192670822143555), (301.4998644897093, 7.146387577056885), (301.99986565977485, 7.145197868347168), (302.49986682984047, 7.137617588043213), (302.99986799990603, 7.152263641357422), (303.4998691699716, 7.106008052825928), (303.9998703400372, 7.093259811401367), (304.49987151010276, 7.10480260848999), (304.9998726801683, 7.082086086273193), (305.49987385023394, 7.114004611968994), (305.9998750202995, 7.077742099761963), (306.4998761903651, 7.007411956787109), (306.9998773604307, 7.078591346740723), (307.49987853049623, 7.025575160980225), (307.99987970056185, 7.07534122467041), (308.4998808706274, 7.0143208503723145), (308.99988204069297, 7.010662078857422), (309.4998832107586, 6.941086292266846), (309.99988438082414, 6.984325885772705), (310.49988555088976, 7.0064520835876465), (310.9998867209553, 6.939746379852295), (311.4998878910209, 7.037350654602051), (311.9998890610865, 6.922209739685059), (312.49989023115205, 6.985053539276123), (312.9998914012176, 6.995364189147949), (313.4998925712832, 5.460043430328369), (313.9998937413488, 5.486041069030762), (314.4998949114144, 5.49041223526001), (314.99989608147996, 5.519352912902832), (315.4998972515455, 5.461005210876465), (315.99989842161114, 5.507128715515137), (316.4998995916767, 5.481730937957764), (316.99990076174225, 5.459366798400879), (317.49990193180787, 5.467597007751465), (317.99990310187343, 5.520532131195068), (318.499904271939, 5.500768661499023), (318.9999054420046, 5.497038841247559), (319.49990661207016, 5.4790449142456055), (319.9999077821358, 5.503685474395752), (320.49990895220134, 5.445497512817383), (320.9999101222669, 5.559064865112305), (321.4999112923325, 5.439111232757568), (321.9999124623981, 5.497124671936035), (322.49991363246363, 5.571715354919434), (322.99991480252925, 5.482603549957275), (323.4999159725948, 5.506533622741699), (323.9999171426604, 5.479909896850586), (324.499918312726, 5.520904541015625), (324.99991948279154, 5.518036365509033), (325.49992065285716, 5.57949161529541), (325.9999218229227, 5.550703525543213), (326.4999229929883, 5.552532196044922), (326.9999241630539, 5.564984321594238), (327.49992533311945, 5.582915306091309), (327.99992650318507, 5.580733299255371), (328.4999276732506, 5.578675746917725), (328.9999288433162, 5.627955913543701), (329.4999300133818, 5.603757858276367), (329.99993118344736, 5.7161359786987305), (330.4999323535129, 5.676265716552734), (330.99993352357853, 5.69729471206665), (331.4999346936441, 5.675183296203613), (331.9999358637097, 5.670986652374268), (332.49993703377527, 5.7263994216918945), (332.9999382038408, 5.757599830627441), (333.49993937390644, 5.811746597290039), (333.999940543972, 5.822402000427246), (334.49994171403756, 5.996346473693848), (334.9999428841032, 7.440612316131592), (335.49994405416874, 7.466037273406982), (335.9999452242343, 7.468142509460449), (336.4999463942999, 7.4767303466796875), (336.99994756436547, 7.485775947570801), (337.4999487344311, 7.412181854248047), (337.99994990449665, 7.406396389007568), (338.4999510745622, 7.354311943054199), (338.9999522446278, 7.312631130218506), (339.4999534146934, 7.281193256378174), (339.99995458475894, 7.306774616241455), (340.49995575482455, 7.355362892150879), (340.9999569248901, 20.54964256286621), (341.49995809495573, 20.609600067138672), (341.9999592650213, 21.11393928527832), (342.49996043508685, 21.614320755004883), (342.99996160515246, 22.155004501342773), (343.499962775218, 22.241682052612305), (343.9999639452836, 22.315711975097656), (344.4999651153492, 27.255666732788086), (344.99996628541476, 26.86440086364746), (345.4999674554804, 26.452861785888672), (345.99996862554593, 18.483427047729492), (346.4999697956115, 18.40774154663086), (346.9999709656771, 7.0026679039001465), (347.49997213574267, 6.973941326141357), (347.9999733058082, 7.062290191650391), (348.49997447587384, 6.970905303955078), (348.9999756459394, 6.924869537353516), (349.499976816005, 6.969787120819092), (349.9999779860706, 6.928091526031494), (350.49997915613613, 6.941769123077393), (350.99998032620175, 6.961446285247803), (351.4999814962673, 6.410390377044678), (351.99998266633287, 6.319121837615967), (352.4999838363985, 6.306364059448242), (352.99998500646404, 6.1490020751953125), (353.4999861765296, 6.14577579498291), (353.9999873465952, 6.069788455963135), (354.4999885166608, 5.996108531951904), (354.9999896867264, 5.935191631317139), (355.49999085679195, 5.925637245178223), (355.9999920268575, 5.774367332458496), (356.4999931969231, 5.777083873748779), (356.9999943669887, 5.666940212249756), (357.49999553705425, 5.697154998779297), (357.99999670711986, 5.600442409515381), (358.4999978771854, 5.575187683105469), (358.99999904725104, 5.4824628829956055), (359.5000002173166, 5.430844306945801)]
... logging to /home/akram/.ros/log/fada9ae8-86f9-11ed-b660-0f5e7a563ccd/roslaunch-akram-H410M-S2H-62413.log
Checking log directory for disk usage. This may take a while.
Press Ctrl-C to interrupt
Done checking log file disk usage. Usage is <1GB.
]2;/home/akram/CMP4/CR/Project/cr_req_b/src/req_b_pkg/launch/multi.launch
[1mstarted roslaunch server http://akram-H410M-S2H:38537/[0m

SUMMARY
========

PARAMETERS
 * /rosdistro: noetic
 * /rosversion: 1.15.15

NODES
  /
    sensor_reading (req_b_pkg/sensor_reading.py)

[1mROS_MASTER_URI=http://localhost:11311[0m
]2;/home/akram/CMP4/CR/Project/cr_req_b/src/req_b_pkg/launch/multi.launch http://localhost:11311
[1mprocess[sensor_reading-1]: started with pid [62434][0m
[sensor_reading-1] killing on exit
shutting down processing monitor...
... shutting down processing monitor complete
[1mdone[0m
pose: 
  position: 
    x: -3.335665306307151e-08
    y: -2.461815740041053e-08
    z: 0.0
  orientation: 
    x: -9.396597385523545e-08
    y: 1.2732434434563565e-07
    z: -2.777028219194979e-10
    w: 0.9999999999999876
covariance: [1e-05, 0.0, 0.0, 0.0, 0.0, 0.0, 0.0, 1e-05, 0.0, 0.0, 0.0, 0.0, 0.0, 0.0, 1000000000000.0, 0.0, 0.0, 0.0, 0.0, 0.0, 0.0, 1000000000000.0, 0.0, 0.0, 0.0, 0.0, 0.0, 0.0, 1000000000000.0, 0.0, 0.0, 0.0, 0.0, 0.0, 0.0, 0.001]
position:  x: -3.335665306307151e-08
y: -2.461815740041053e-08
z: 0.0
/sensor_topic written
pose: 
  position: 
    x: -3.335665306285467e-08
    y: -2.4618157401179635e-08
    z: 0.0
  orientation: 
    x: -9.39659738561897e-08
    y: 1.273243443456867e-07
    z: -2.7770282169103803e-10
    w: 0.9999999999999876
covariance: [1e-05, 0.0, 0.0, 0.0, 0.0, 0.0, 0.0, 1e-05, 0.0, 0.0, 0.0, 0.0, 0.0, 0.0, 1000000000000.0, 0.0, 0.0, 0.0, 0.0, 0.0, 0.0, 1000000000000.0, 0.0, 0.0, 0.0, 0.0, 0.0, 0.0, 1000000000000.0, 0.0, 0.0, 0.0, 0.0, 0.0, 0.0, 0.001]
position:  x: -3.335665306285467e-08
y: -2.4618157401179635e-08
z: 0.0
/sensor_topic written
pose: 
  position: 
    x: -3.335665306285467e-08
    y: -2.461815740147271e-08
    z: 0.0
  orientation: 
    x: -9.396597385713257e-08
    y: 1.273243443457347e-07
    z: -2.7770282236097595e-10
    w: 0.9999999999999876
covariance: [1e-05, 0.0, 0.0, 0.0, 0.0, 0.0, 0.0, 1e-05, 0.0, 0.0, 0.0, 0.0, 0.0, 0.0, 1000000000000.0, 0.0, 0.0, 0.0, 0.0, 0.0, 0.0, 1000000000000.0, 0.0, 0.0, 0.0, 0.0, 0.0, 0.0, 1000000000000.0, 0.0, 0.0, 0.0, 0.0, 0.0, 0.0, 0.001]
position:  x: -3.335665306285467e-08
y: -2.461815740147271e-08
z: 0.0
/sensor_topic written
pose: 
  position: 
    x: -3.335665306285467e-08
    y: -2.461815740224351e-08
    z: 0.0
  orientation: 
    x: -9.396597385809928e-08
    y: 1.2732434434579558e-07
    z: -2.7770282213241985e-10
    w: 0.9999999999999876
covariance: [1e-05, 0.0, 0.0, 0.0, 0.0, 0.0, 0.0, 1e-05, 0.0, 0.0, 0.0, 0.0, 0.0, 0.0, 1000000000000.0, 0.0, 0.0, 0.0, 0.0, 0.0, 0.0, 1000000000000.0, 0.0, 0.0, 0.0, 0.0, 0.0, 0.0, 1000000000000.0, 0.0, 0.0, 0.0, 0.0, 0.0, 0.0, 0.001]
position:  x: -3.335665306285467e-08
y: -2.461815740224351e-08
z: 0.0
/sensor_topic written
pose: 
  position: 
    x: -3.335665306231257e-08
    y: -2.4618157401439674e-08
    z: 0.0
  orientation: 
    x: -9.39659738566403e-08
    y: 1.2732434434453866e-07
    z: -2.7770282190187345e-10
    w: 0.9999999999999876
covariance: [1e-05, 0.0, 0.0, 0.0, 0.0, 0.0, 0.0, 1e-05, 0.0, 0.0, 0.0, 0.0, 0.0, 0.0, 1000000000000.0, 0.0, 0.0, 0.0, 0.0, 0.0, 0.0, 1000000000000.0, 0.0, 0.0, 0.0, 0.0, 0.0, 0.0, 1000000000000.0, 0.0, 0.0, 0.0, 0.0, 0.0, 0.0, 0.001]
position:  x: -3.335665306231257e-08
y: -2.4618157401439674e-08
z: 0.0
/sensor_topic written
pose: 
  position: 
    x: -3.335665306274625e-08
    y: -2.4618157400646005e-08
    z: 0.0
  orientation: 
    x: -9.396597385522236e-08
    y: 1.2732434434588364e-07
    z: -2.7770282167159624e-10
    w: 0.9999999999999876
covariance: [1e-05, 0.0, 0.0, 0.0, 0.0, 0.0, 0.0, 1e-05, 0.0, 0.0, 0.0, 0.0, 0.0, 0.0, 1000000000000.0, 0.0, 0.0, 0.0, 0.0, 0.0, 0.0, 1000000000000.0, 0.0, 0.0, 0.0, 0.0, 0.0, 0.0, 1000000000000.0, 0.0, 0.0, 0.0, 0.0, 0.0, 0.0, 0.001]
position:  x: -3.335665306274625e-08
y: -2.4618157400646005e-08
z: 0.0
/sensor_topic written
pose: 
  position: 
    x: -3.335665306274625e-08
    y: -2.4618157401887755e-08
    z: 0.0
  orientation: 
    x: -9.396597385620761e-08
    y: 1.2732434434597096e-07
    z: -2.7770282233625473e-10
    w: 0.9999999999999876
covariance: [1e-05, 0.0, 0.0, 0.0, 0.0, 0.0, 0.0, 1e-05, 0.0, 0.0, 0.0, 0.0, 0.0, 0.0, 1000000000000.0, 0.0, 0.0, 0.0, 0.0, 0.0, 0.0, 1000000000000.0, 0.0, 0.0, 0.0, 0.0, 0.0, 0.0, 1000000000000.0, 0.0, 0.0, 0.0, 0.0, 0.0, 0.0, 0.001]
position:  x: -3.335665306274625e-08
y: -2.4618157401887755e-08
z: 0.0
/sensor_topic written
pose: 
  position: 
    x: -3.3356653063396774e-08
    y: -2.4618157401704796e-08
    z: 0.0
  orientation: 
    x: -9.396597385713047e-08
    y: 1.2732434434608351e-07
    z: -2.7770282211301704e-10
    w: 0.9999999999999876
covariance: [1e-05, 0.0, 0.0, 0.0, 0.0, 0.0, 0.0, 1e-05, 0.0, 0.0, 0.0, 0.0, 0.0, 0.0, 1000000000000.0, 0.0, 0.0, 0.0, 0.0, 0.0, 0.0, 1000000000000.0, 0.0, 0.0, 0.0, 0.0, 0.0, 0.0, 1000000000000.0, 0.0, 0.0, 0.0, 0.0, 0.0, 0.0, 0.001]
position:  x: -3.3356653063396774e-08
y: -2.4618157401704796e-08
z: 0.0
/sensor_topic written
pose: 
  position: 
    x: -3.3356653063396774e-08
    y: -2.4618157401520143e-08
    z: 0.0
  orientation: 
    x: -9.396597385804168e-08
    y: 1.2732434434618804e-07
    z: -2.7770282188974346e-10
    w: 0.9999999999999876
covariance: [1e-05, 0.0, 0.0, 0.0, 0.0, 0.0, 0.0, 1e-05, 0.0, 0.0, 0.0, 0.0, 0.0, 0.0, 1000000000000.0, 0.0, 0.0, 0.0, 0.0, 0.0, 0.0, 1000000000000.0, 0.0, 0.0, 0.0, 0.0, 0.0, 0.0, 1000000000000.0, 0.0, 0.0, 0.0, 0.0, 0.0, 0.0, 0.001]
position:  x: -3.3356653063396774e-08
y: -2.4618157401520143e-08
z: 0.0
/sensor_topic written
pose: 
  position: 
    x: -3.335665306307151e-08
    y: -2.4618157401659903e-08
    z: 0.0
  orientation: 
    x: -9.396597385661133e-08
    y: 1.273243443449623e-07
    z: -2.7770282165406937e-10
    w: 0.9999999999999876
covariance: [1e-05, 0.0, 0.0, 0.0, 0.0, 0.0, 0.0, 1e-05, 0.0, 0.0, 0.0, 0.0, 0.0, 0.0, 1000000000000.0, 0.0, 0.0, 0.0, 0.0, 0.0, 0.0, 1000000000000.0, 0.0, 0.0, 0.0, 0.0, 0.0, 0.0, 1000000000000.0, 0.0, 0.0, 0.0, 0.0, 0.0, 0.0, 0.001]
position:  x: -3.335665306307151e-08
y: -2.4618157401659903e-08
z: 0.0
/sensor_topic written
pose: 
  position: 
    x: -3.3356653063396774e-08
    y: -2.4618157401339725e-08
    z: 0.0
  orientation: 
    x: -9.396597385521754e-08
    y: 1.2732434434634456e-07
    z: -2.7770282231692853e-10
    w: 0.9999999999999876
covariance: [1e-05, 0.0, 0.0, 0.0, 0.0, 0.0, 0.0, 1e-05, 0.0, 0.0, 0.0, 0.0, 0.0, 0.0, 1000000000000.0, 0.0, 0.0, 0.0, 0.0, 0.0, 0.0, 1000000000000.0, 0.0, 0.0, 0.0, 0.0, 0.0, 0.0, 1000000000000.0, 0.0, 0.0, 0.0, 0.0, 0.0, 0.0, 0.001]
position:  x: -3.3356653063396774e-08
y: -2.4618157401339725e-08
z: 0.0
/sensor_topic written
pose: 
  position: 
    x: -3.3356653063288354e-08
    y: -2.4618157401151683e-08
    z: 0.0
  orientation: 
    x: -9.396597385611919e-08
    y: 1.2732434434646817e-07
    z: -2.777028220936121e-10
    w: 0.9999999999999876
covariance: [1e-05, 0.0, 0.0, 0.0, 0.0, 0.0, 0.0, 1e-05, 0.0, 0.0, 0.0, 0.0, 0.0, 0.0, 1000000000000.0, 0.0, 0.0, 0.0, 0.0, 0.0, 0.0, 1000000000000.0, 0.0, 0.0, 0.0, 0.0, 0.0, 0.0, 1000000000000.0, 0.0, 0.0, 0.0, 0.0, 0.0, 0.0, 0.001]
position:  x: -3.3356653063288354e-08
y: -2.4618157401151683e-08
z: 0.0
/sensor_topic written
pose: 
  position: 
    x: -3.335665306296309e-08
    y: -2.4618157400335144e-08
    z: 0.0
  orientation: 
    x: -9.39659738546255e-08
    y: 1.273243443452817e-07
    z: -2.7770282186318486e-10
    w: 0.9999999999999876
covariance: [1e-05, 0.0, 0.0, 0.0, 0.0, 0.0, 0.0, 1e-05, 0.0, 0.0, 0.0, 0.0, 0.0, 0.0, 1000000000000.0, 0.0, 0.0, 0.0, 0.0, 0.0, 0.0, 1000000000000.0, 0.0, 0.0, 0.0, 0.0, 0.0, 0.0, 1000000000000.0, 0.0, 0.0, 0.0, 0.0, 0.0, 0.0, 0.001]
position:  x: -3.335665306296309e-08
y: -2.4618157400335144e-08
z: 0.0
/sensor_topic written
pose: 
  position: 
    x: -3.335665306296309e-08
    y: -2.4618157401578588e-08
    z: 0.0
  orientation: 
    x: -9.396597385560923e-08
    y: 1.2732434434542632e-07
    z: -2.7770282252788746e-10
    w: 0.9999999999999876
covariance: [1e-05, 0.0, 0.0, 0.0, 0.0, 0.0, 0.0, 1e-05, 0.0, 0.0, 0.0, 0.0, 0.0, 0.0, 1000000000000.0, 0.0, 0.0, 0.0, 0.0, 0.0, 0.0, 1000000000000.0, 0.0, 0.0, 0.0, 0.0, 0.0, 0.0, 1000000000000.0, 0.0, 0.0, 0.0, 0.0, 0.0, 0.0, 0.001]
position:  x: -3.335665306296309e-08
y: -2.4618157401578588e-08
z: 0.0
/sensor_topic written
pose: 
  position: 
    x: -3.335665306296309e-08
    y: -2.4618157401397323e-08
    z: 0.0
  orientation: 
    x: -9.396597385653396e-08
    y: 1.2732434434558697e-07
    z: -2.7770282230463554e-10
    w: 0.9999999999999876
covariance: [1e-05, 0.0, 0.0, 0.0, 0.0, 0.0, 0.0, 1e-05, 0.0, 0.0, 0.0, 0.0, 0.0, 0.0, 1000000000000.0, 0.0, 0.0, 0.0, 0.0, 0.0, 0.0, 1000000000000.0, 0.0, 0.0, 0.0, 0.0, 0.0, 0.0, 1000000000000.0, 0.0, 0.0, 0.0, 0.0, 0.0, 0.0, 0.001]
position:  x: -3.335665306296309e-08
y: -2.4618157401397323e-08
z: 0.0
/sensor_topic written
pose: 
  position: 
    x: -3.335665306285467e-08
    y: -2.4618157402172358e-08
    z: 0.0
  orientation: 
    x: -9.3965973857508e-08
    y: 1.2732434434575444e-07
    z: -2.777028220761909e-10
    w: 0.9999999999999876
covariance: [1e-05, 0.0, 0.0, 0.0, 0.0, 0.0, 0.0, 1e-05, 0.0, 0.0, 0.0, 0.0, 0.0, 0.0, 1000000000000.0, 0.0, 0.0, 0.0, 0.0, 0.0, 0.0, 1000000000000.0, 0.0, 0.0, 0.0, 0.0, 0.0, 0.0, 1000000000000.0, 0.0, 0.0, 0.0, 0.0, 0.0, 0.0, 0.001]
position:  x: -3.335665306285467e-08
y: -2.4618157402172358e-08
z: 0.0
/sensor_topic written
pose: 
  position: 
    x: -3.335665306274625e-08
    y: -2.461815740199448e-08
    z: 0.0
  orientation: 
    x: -9.396597385843436e-08
    y: 1.2732434434592186e-07
    z: -2.777028218528572e-10
    w: 0.9999999999999876
covariance: [1e-05, 0.0, 0.0, 0.0, 0.0, 0.0, 0.0, 1e-05, 0.0, 0.0, 0.0, 0.0, 0.0, 0.0, 1000000000000.0, 0.0, 0.0, 0.0, 0.0, 0.0, 0.0, 1000000000000.0, 0.0, 0.0, 0.0, 0.0, 0.0, 0.0, 1000000000000.0, 0.0, 0.0, 0.0, 0.0, 0.0, 0.0, 0.001]
position:  x: -3.335665306274625e-08
y: -2.461815740199448e-08
z: 0.0
/sensor_topic written
pose: 
  position: 
    x: -3.335665306242099e-08
    y: -2.4618157401650586e-08
    z: 0.0
  orientation: 
    x: -9.396597385694902e-08
    y: 1.2732434434478427e-07
    z: -2.7770282251548316e-10
    w: 0.9999999999999876
covariance: [1e-05, 0.0, 0.0, 0.0, 0.0, 0.0, 0.0, 1e-05, 0.0, 0.0, 0.0, 0.0, 0.0, 0.0, 1000000000000.0, 0.0, 0.0, 0.0, 0.0, 0.0, 0.0, 1000000000000.0, 0.0, 0.0, 0.0, 0.0, 0.0, 0.0, 1000000000000.0, 0.0, 0.0, 0.0, 0.0, 0.0, 0.0, 0.001]
position:  x: -3.335665306242099e-08
y: -2.4618157401650586e-08
z: 0.0
/sensor_topic written
pose: 
  position: 
    x: -3.335665306263783e-08
    y: -2.46181574018039e-08
    z: 0.0
  orientation: 
    x: -9.396597385556424e-08
    y: 1.2732434434624212e-07
    z: -2.7770282227990703e-10
    w: 0.9999999999999876
covariance: [1e-05, 0.0, 0.0, 0.0, 0.0, 0.0, 0.0, 1e-05, 0.0, 0.0, 0.0, 0.0, 0.0, 0.0, 1000000000000.0, 0.0, 0.0, 0.0, 0.0, 0.0, 0.0, 1000000000000.0, 0.0, 0.0, 0.0, 0.0, 0.0, 0.0, 1000000000000.0, 0.0, 0.0, 0.0, 0.0, 0.0, 0.0, 0.001]
position:  x: -3.335665306263783e-08
y: -2.46181574018039e-08
z: 0.0
/sensor_topic written
pose: 
  position: 
    x: -3.335665306274625e-08
    y: -2.461815740162094e-08
    z: 0.0
  orientation: 
    x: -9.396597385648702e-08
    y: 1.273243443464453e-07
    z: -2.777028220567095e-10
    w: 0.9999999999999876
covariance: [1e-05, 0.0, 0.0, 0.0, 0.0, 0.0, 0.0, 1e-05, 0.0, 0.0, 0.0, 0.0, 0.0, 0.0, 1000000000000.0, 0.0, 0.0, 0.0, 0.0, 0.0, 0.0, 1000000000000.0, 0.0, 0.0, 0.0, 0.0, 0.0, 0.0, 1000000000000.0, 0.0, 0.0, 0.0, 0.0, 0.0, 0.0, 0.001]
position:  x: -3.335665306274625e-08
y: -2.461815740162094e-08
z: 0.0
/sensor_topic written
pose: 
  position: 
    x: -3.335665306242099e-08
    y: -2.4618157400817105e-08
    z: 0.0
  orientation: 
    x: -9.396597385503302e-08
    y: 1.2732434434532513e-07
    z: -2.777028218262699e-10
    w: 0.9999999999999876
covariance: [1e-05, 0.0, 0.0, 0.0, 0.0, 0.0, 0.0, 1e-05, 0.0, 0.0, 0.0, 0.0, 0.0, 0.0, 1000000000000.0, 0.0, 0.0, 0.0, 0.0, 0.0, 0.0, 1000000000000.0, 0.0, 0.0, 0.0, 0.0, 0.0, 0.0, 1000000000000.0, 0.0, 0.0, 0.0, 0.0, 0.0, 0.0, 0.001]
position:  x: -3.335665306242099e-08
y: -2.4618157400817105e-08
z: 0.0
/sensor_topic written
pose: 
  position: 
    x: -3.3356653063288354e-08
    y: -2.461815740110933e-08
    z: 0.0
  orientation: 
    x: -9.396597385597677e-08
    y: 1.2732434434555666e-07
    z: -2.7770282249632845e-10
    w: 0.9999999999999876
covariance: [1e-05, 0.0, 0.0, 0.0, 0.0, 0.0, 0.0, 1e-05, 0.0, 0.0, 0.0, 0.0, 0.0, 0.0, 1000000000000.0, 0.0, 0.0, 0.0, 0.0, 0.0, 0.0, 1000000000000.0, 0.0, 0.0, 0.0, 0.0, 0.0, 0.0, 1000000000000.0, 0.0, 0.0, 0.0, 0.0, 0.0, 0.0, 0.001]
position:  x: -3.3356653063288354e-08
y: -2.461815740110933e-08
z: 0.0
/sensor_topic written
pose: 
  position: 
    x: -3.3356653063179934e-08
    y: -2.4618157401876743e-08
    z: 0.0
  orientation: 
    x: -9.396597385693846e-08
    y: 1.2732434434578287e-07
    z: -2.7770282226782746e-10
    w: 0.9999999999999876
covariance: [1e-05, 0.0, 0.0, 0.0, 0.0, 0.0, 0.0, 1e-05, 0.0, 0.0, 0.0, 0.0, 0.0, 0.0, 1000000000000.0, 0.0, 0.0, 0.0, 0.0, 0.0, 0.0, 1000000000000.0, 0.0, 0.0, 0.0, 0.0, 0.0, 0.0, 1000000000000.0, 0.0, 0.0, 0.0, 0.0, 0.0, 0.0, 0.001]
position:  x: -3.3356653063179934e-08
y: -2.4618157401876743e-08
z: 0.0
/sensor_topic written
pose: 
  position: 
    x: -3.3356653063179934e-08
    y: -2.4618157401688702e-08
    z: 0.0
  orientation: 
    x: -9.396597385784038e-08
    y: 1.2732434434600545e-07
    z: -2.7770282204450983e-10
    w: 0.9999999999999876
covariance: [1e-05, 0.0, 0.0, 0.0, 0.0, 0.0, 0.0, 1e-05, 0.0, 0.0, 0.0, 0.0, 0.0, 0.0, 1000000000000.0, 0.0, 0.0, 0.0, 0.0, 0.0, 0.0, 1000000000000.0, 0.0, 0.0, 0.0, 0.0, 0.0, 0.0, 1000000000000.0, 0.0, 0.0, 0.0, 0.0, 0.0, 0.0, 0.001]
position:  x: -3.3356653063179934e-08
y: -2.4618157401688702e-08
z: 0.0
/sensor_topic written
pose: 
  position: 
    x: -3.335665306307151e-08
    y: -2.4618157400877245e-08
    z: 0.0
  orientation: 
    x: -9.396597385635186e-08
    y: 1.2732434434492565e-07
    z: -2.7770282181406243e-10
    w: 0.9999999999999876
covariance: [1e-05, 0.0, 0.0, 0.0, 0.0, 0.0, 0.0, 1e-05, 0.0, 0.0, 0.0, 0.0, 0.0, 0.0, 1000000000000.0, 0.0, 0.0, 0.0, 0.0, 0.0, 0.0, 1000000000000.0, 0.0, 0.0, 0.0, 0.0, 0.0, 0.0, 1000000000000.0, 0.0, 0.0, 0.0, 0.0, 0.0, 0.0, 0.001]
position:  x: -3.335665306307151e-08
y: -2.4618157400877245e-08
z: 0.0
/sensor_topic written
pose: 
  position: 
    x: -3.3356653063179934e-08
    y: -2.4618157402119842e-08
    z: 0.0
  orientation: 
    x: -9.396597385734177e-08
    y: 1.2732434434517335e-07
    z: -2.7770282247872553e-10
    w: 0.9999999999999876
covariance: [1e-05, 0.0, 0.0, 0.0, 0.0, 0.0, 0.0, 1e-05, 0.0, 0.0, 0.0, 0.0, 0.0, 0.0, 1000000000000.0, 0.0, 0.0, 0.0, 0.0, 0.0, 0.0, 1000000000000.0, 0.0, 0.0, 0.0, 0.0, 0.0, 0.0, 1000000000000.0, 0.0, 0.0, 0.0, 0.0, 0.0, 0.0, 0.001]
position:  x: -3.3356653063179934e-08
y: -2.4618157402119842e-08
z: 0.0
/sensor_topic written
pose: 
  position: 
    x: -3.335665306307151e-08
    y: -2.4618157401936036e-08
    z: 0.0
  orientation: 
    x: -9.39659738582526e-08
    y: 1.2732434434542915e-07
    z: -2.777028222554572e-10
    w: 0.9999999999999876
covariance: [1e-05, 0.0, 0.0, 0.0, 0.0, 0.0, 0.0, 1e-05, 0.0, 0.0, 0.0, 0.0, 0.0, 0.0, 1000000000000.0, 0.0, 0.0, 0.0, 0.0, 0.0, 0.0, 1000000000000.0, 0.0, 0.0, 0.0, 0.0, 0.0, 0.0, 1000000000000.0, 0.0, 0.0, 0.0, 0.0, 0.0, 0.0, 0.001]
position:  x: -3.335665306307151e-08
y: -2.4618157401936036e-08
z: 0.0
/sensor_topic written
pose: 
  position: 
    x: -3.335665306296309e-08
    y: -2.4618157401457462e-08
    z: 0.0
  orientation: 
    x: -9.396597385446098e-08
    y: 1.273243443456353e-07
    z: -2.777028220127493e-10
    w: 0.9999999999999876
covariance: [1e-05, 0.0, 0.0, 0.0, 0.0, 0.0, 0.0, 1e-05, 0.0, 0.0, 0.0, 0.0, 0.0, 0.0, 1000000000000.0, 0.0, 0.0, 0.0, 0.0, 0.0, 0.0, 1000000000000.0, 0.0, 0.0, 0.0, 0.0, 0.0, 0.0, 1000000000000.0, 0.0, 0.0, 0.0, 0.0, 0.0, 0.0, 0.001]
position:  x: -3.335665306296309e-08
y: -2.4618157401457462e-08
z: 0.0
/sensor_topic written
pose: 
  position: 
    x: -3.335665306296309e-08
    y: -2.461815740127535e-08
    z: 0.0
  orientation: 
    x: -9.396597385537345e-08
    y: 1.273243443459122e-07
    z: -2.777028217894565e-10
    w: 0.9999999999999876
covariance: [1e-05, 0.0, 0.0, 0.0, 0.0, 0.0, 0.0, 1e-05, 0.0, 0.0, 0.0, 0.0, 0.0, 0.0, 1000000000000.0, 0.0, 0.0, 0.0, 0.0, 0.0, 0.0, 1000000000000.0, 0.0, 0.0, 0.0, 0.0, 0.0, 0.0, 1000000000000.0, 0.0, 0.0, 0.0, 0.0, 0.0, 0.0, 0.001]
position:  x: -3.335665306296309e-08
y: -2.461815740127535e-08
z: 0.0
/sensor_topic written
pose: 
  position: 
    x: -3.335665306296309e-08
    y: -2.461815740156927e-08
    z: 0.0
  orientation: 
    x: -9.396597385632112e-08
    y: 1.2732434434619622e-07
    z: -2.777028224594035e-10
    w: 0.9999999999999876
covariance: [1e-05, 0.0, 0.0, 0.0, 0.0, 0.0, 0.0, 1e-05, 0.0, 0.0, 0.0, 0.0, 0.0, 0.0, 1000000000000.0, 0.0, 0.0, 0.0, 0.0, 0.0, 0.0, 1000000000000.0, 0.0, 0.0, 0.0, 0.0, 0.0, 0.0, 1000000000000.0, 0.0, 0.0, 0.0, 0.0, 0.0, 0.0, 0.001]
position:  x: -3.335665306296309e-08
y: -2.461815740156927e-08
z: 0.0
/sensor_topic written
pose: 
  position: 
    x: -3.335665306263783e-08
    y: -2.4618157400760354e-08
    z: 0.0
  orientation: 
    x: -9.39659738548403e-08
    y: 1.2732434434515932e-07
    z: -2.7770282222887805e-10
    w: 0.9999999999999876
covariance: [1e-05, 0.0, 0.0, 0.0, 0.0, 0.0, 0.0, 1e-05, 0.0, 0.0, 0.0, 0.0, 0.0, 0.0, 1000000000000.0, 0.0, 0.0, 0.0, 0.0, 0.0, 0.0, 1000000000000.0, 0.0, 0.0, 0.0, 0.0, 0.0, 0.0, 1000000000000.0, 0.0, 0.0, 0.0, 0.0, 0.0, 0.0, 0.001]
position:  x: -3.335665306263783e-08
y: -2.4618157400760354e-08
z: 0.0
/sensor_topic written
pose: 
  position: 
    x: -3.335665306252941e-08
    y: -2.4618157401524378e-08
    z: 0.0
  orientation: 
    x: -9.396597385579032e-08
    y: 1.2732434434546478e-07
    z: -2.7770282200024363e-10
    w: 0.9999999999999876
covariance: [1e-05, 0.0, 0.0, 0.0, 0.0, 0.0, 0.0, 1e-05, 0.0, 0.0, 0.0, 0.0, 0.0, 0.0, 1000000000000.0, 0.0, 0.0, 0.0, 0.0, 0.0, 0.0, 1000000000000.0, 0.0, 0.0, 0.0, 0.0, 0.0, 0.0, 1000000000000.0, 0.0, 0.0, 0.0, 0.0, 0.0, 0.0, 0.001]
position:  x: -3.335665306252941e-08
y: -2.4618157401524378e-08
z: 0.0
/sensor_topic written
pose: 
  position: 
    x: -3.335665306263783e-08
    y: -2.461815740133803e-08
    z: 0.0
  orientation: 
    x: -9.396597385668865e-08
    y: 1.2732434434577742e-07
    z: -2.777028217769214e-10
    w: 0.9999999999999876
covariance: [1e-05, 0.0, 0.0, 0.0, 0.0, 0.0, 0.0, 1e-05, 0.0, 0.0, 0.0, 0.0, 0.0, 0.0, 1000000000000.0, 0.0, 0.0, 0.0, 0.0, 0.0, 0.0, 1000000000000.0, 0.0, 0.0, 0.0, 0.0, 0.0, 0.0, 1000000000000.0, 0.0, 0.0, 0.0, 0.0, 0.0, 0.0, 0.001]
position:  x: -3.335665306263783e-08
y: -2.461815740133803e-08
z: 0.0
/sensor_topic written
pose: 
  position: 
    x: -3.335665306242099e-08
    y: -2.4618157401000064e-08
    z: 0.0
  orientation: 
    x: -9.396597385522005e-08
    y: 1.2732434434476757e-07
    z: -2.7770282243976604e-10
    w: 0.9999999999999876
covariance: [1e-05, 0.0, 0.0, 0.0, 0.0, 0.0, 0.0, 1e-05, 0.0, 0.0, 0.0, 0.0, 0.0, 0.0, 1000000000000.0, 0.0, 0.0, 0.0, 0.0, 0.0, 0.0, 1000000000000.0, 0.0, 0.0, 0.0, 0.0, 0.0, 0.0, 1000000000000.0, 0.0, 0.0, 0.0, 0.0, 0.0, 0.0, 0.001]
position:  x: -3.335665306242099e-08
y: -2.4618157401000064e-08
z: 0.0
/sensor_topic written
pose: 
  position: 
    x: -3.3356653063288354e-08
    y: -2.4618157401764935e-08
    z: 0.0
  orientation: 
    x: -9.396597385616979e-08
    y: 1.2732434434511906e-07
    z: -2.777028222112023e-10
    w: 0.9999999999999876
covariance: [1e-05, 0.0, 0.0, 0.0, 0.0, 0.0, 0.0, 1e-05, 0.0, 0.0, 0.0, 0.0, 0.0, 0.0, 1000000000000.0, 0.0, 0.0, 0.0, 0.0, 0.0, 0.0, 1000000000000.0, 0.0, 0.0, 0.0, 0.0, 0.0, 0.0, 1000000000000.0, 0.0, 0.0, 0.0, 0.0, 0.0, 0.0, 0.001]
position:  x: -3.3356653063288354e-08
y: -2.4618157401764935e-08
z: 0.0
/sensor_topic written
pose: 
  position: 
    x: -3.3356653063288354e-08
    y: -2.4618157401578588e-08
    z: 0.0
  orientation: 
    x: -9.396597385707592e-08
    y: 1.2732434434544768e-07
    z: -2.7770282198793476e-10
    w: 0.9999999999999876
covariance: [1e-05, 0.0, 0.0, 0.0, 0.0, 0.0, 0.0, 1e-05, 0.0, 0.0, 0.0, 0.0, 0.0, 0.0, 1000000000000.0, 0.0, 0.0, 0.0, 0.0, 0.0, 0.0, 1000000000000.0, 0.0, 0.0, 0.0, 0.0, 0.0, 0.0, 1000000000000.0, 0.0, 0.0, 0.0, 0.0, 0.0, 0.0, 0.001]
position:  x: -3.3356653063288354e-08
y: -2.4618157401578588e-08
z: 0.0
/sensor_topic written
pose: 
  position: 
    x: -3.335665306263783e-08
    y: -2.461815740139224e-08
    z: 0.0
  orientation: 
    x: -9.396597385798141e-08
    y: 1.273243443457733e-07
    z: -2.7770282176476883e-10
    w: 0.9999999999999876
covariance: [1e-05, 0.0, 0.0, 0.0, 0.0, 0.0, 0.0, 1e-05, 0.0, 0.0, 0.0, 0.0, 0.0, 0.0, 1000000000000.0, 0.0, 0.0, 0.0, 0.0, 0.0, 0.0, 1000000000000.0, 0.0, 0.0, 0.0, 0.0, 0.0, 0.0, 1000000000000.0, 0.0, 0.0, 0.0, 0.0, 0.0, 0.0, 0.001]
position:  x: -3.335665306263783e-08
y: -2.461815740139224e-08
z: 0.0
/sensor_topic written
pose: 
  position: 
    x: -3.335665306231257e-08
    y: -2.46181574020038e-08
    z: 0.0
  orientation: 
    x: -9.396597385655393e-08
    y: 1.2732434434481116e-07
    z: -2.7770282242223586e-10
    w: 0.9999999999999876
covariance: [1e-05, 0.0, 0.0, 0.0, 0.0, 0.0, 0.0, 1e-05, 0.0, 0.0, 0.0, 0.0, 0.0, 0.0, 1000000000000.0, 0.0, 0.0, 0.0, 0.0, 0.0, 0.0, 1000000000000.0, 0.0, 0.0, 0.0, 0.0, 0.0, 0.0, 1000000000000.0, 0.0, 0.0, 0.0, 0.0, 0.0, 0.0, 0.001]
position:  x: -3.335665306231257e-08
y: -2.46181574020038e-08
z: 0.0
/sensor_topic written
pose: 
  position: 
    x: -3.3356653063396774e-08
    y: -2.461815740120928e-08
    z: 0.0
  orientation: 
    x: -9.396597385514307e-08
    y: 1.2732434434645258e-07
    z: -2.7770282219202126e-10
    w: 0.9999999999999876
covariance: [1e-05, 0.0, 0.0, 0.0, 0.0, 0.0, 0.0, 1e-05, 0.0, 0.0, 0.0, 0.0, 0.0, 0.0, 1000000000000.0, 0.0, 0.0, 0.0, 0.0, 0.0, 0.0, 1000000000000.0, 0.0, 0.0, 0.0, 0.0, 0.0, 0.0, 1000000000000.0, 0.0, 0.0, 0.0, 0.0, 0.0, 0.0, 0.001]
position:  x: -3.3356653063396774e-08
y: -2.461815740120928e-08
z: 0.0
/sensor_topic written
pose: 
  position: 
    x: -3.335665306307151e-08
    y: -2.4618157401637033e-08
    z: 0.0
  orientation: 
    x: -9.396597385839422e-08
    y: 1.2732434434555592e-07
    z: -2.7770282197581005e-10
    w: 0.9999999999999876
covariance: [1e-05, 0.0, 0.0, 0.0, 0.0, 0.0, 0.0, 1e-05, 0.0, 0.0, 0.0, 0.0, 0.0, 0.0, 1000000000000.0, 0.0, 0.0, 0.0, 0.0, 0.0, 0.0, 1000000000000.0, 0.0, 0.0, 0.0, 0.0, 0.0, 0.0, 1000000000000.0, 0.0, 0.0, 0.0, 0.0, 0.0, 0.0, 0.001]
position:  x: -3.335665306307151e-08
y: -2.4618157401637033e-08
z: 0.0
/sensor_topic written
pose: 
  position: 
    x: -3.3356653063179934e-08
    y: -2.4618157400211477e-08
    z: 0.0
  orientation: 
    x: -9.396597385456882e-08
    y: 1.2732434434587803e-07
    z: -2.7770282173839423e-10
    w: 0.9999999999999876
covariance: [1e-05, 0.0, 0.0, 0.0, 0.0, 0.0, 0.0, 1e-05, 0.0, 0.0, 0.0, 0.0, 0.0, 0.0, 1000000000000.0, 0.0, 0.0, 0.0, 0.0, 0.0, 0.0, 1000000000000.0, 0.0, 0.0, 0.0, 0.0, 0.0, 0.0, 1000000000000.0, 0.0, 0.0, 0.0, 0.0, 0.0, 0.0, 0.001]
position:  x: -3.3356653063179934e-08
y: -2.4618157400211477e-08
z: 0.0
/sensor_topic written
pose: 
  position: 
    x: -3.335665306307151e-08
    y: -2.4618157401457462e-08
    z: 0.0
  orientation: 
    x: -9.396597385556088e-08
    y: 1.273243443462655e-07
    z: -2.7770282240307086e-10
    w: 0.9999999999999876
covariance: [1e-05, 0.0, 0.0, 0.0, 0.0, 0.0, 0.0, 1e-05, 0.0, 0.0, 0.0, 0.0, 0.0, 0.0, 1000000000000.0, 0.0, 0.0, 0.0, 0.0, 0.0, 0.0, 1000000000000.0, 0.0, 0.0, 0.0, 0.0, 0.0, 0.0, 1000000000000.0, 0.0, 0.0, 0.0, 0.0, 0.0, 0.0, 0.001]
position:  x: -3.335665306307151e-08
y: -2.4618157401457462e-08
z: 0.0
/sensor_topic written
pose: 
  position: 
    x: -3.3356653063288354e-08
    y: -2.4618157401274503e-08
    z: 0.0
  orientation: 
    x: -9.396597385647873e-08
    y: 1.2732434434665706e-07
    z: -2.777028221797658e-10
    w: 0.9999999999999876
covariance: [1e-05, 0.0, 0.0, 0.0, 0.0, 0.0, 0.0, 1e-05, 0.0, 0.0, 0.0, 0.0, 0.0, 0.0, 1000000000000.0, 0.0, 0.0, 0.0, 0.0, 0.0, 0.0, 1000000000000.0, 0.0, 0.0, 0.0, 0.0, 0.0, 0.0, 1000000000000.0, 0.0, 0.0, 0.0, 0.0, 0.0, 0.0, 0.001]
position:  x: -3.3356653063288354e-08
y: -2.4618157401274503e-08
z: 0.0
/sensor_topic written
pose: 
  position: 
    x: -3.335665306274625e-08
    y: -2.46181574004622e-08
    z: 0.0
  orientation: 
    x: -9.396597385499543e-08
    y: 1.2732434434573332e-07
    z: -2.7770282194930207e-10
    w: 0.9999999999999876
covariance: [1e-05, 0.0, 0.0, 0.0, 0.0, 0.0, 0.0, 1e-05, 0.0, 0.0, 0.0, 0.0, 0.0, 0.0, 1000000000000.0, 0.0, 0.0, 0.0, 0.0, 0.0, 0.0, 1000000000000.0, 0.0, 0.0, 0.0, 0.0, 0.0, 0.0, 1000000000000.0, 0.0, 0.0, 0.0, 0.0, 0.0, 0.0, 0.001]
position:  x: -3.335665306274625e-08
y: -2.46181574004622e-08
z: 0.0
/sensor_topic written
pose: 
  position: 
    x: -3.335665306274625e-08
    y: -2.4618157401233e-08
    z: 0.0
  orientation: 
    x: -9.396597385596409e-08
    y: 1.2732434434614312e-07
    z: -2.777028217207833e-10
    w: 0.9999999999999876
covariance: [1e-05, 0.0, 0.0, 0.0, 0.0, 0.0, 0.0, 1e-05, 0.0, 0.0, 0.0, 0.0, 0.0, 0.0, 1000000000000.0, 0.0, 0.0, 0.0, 0.0, 0.0, 0.0, 1000000000000.0, 0.0, 0.0, 0.0, 0.0, 0.0, 0.0, 1000000000000.0, 0.0, 0.0, 0.0, 0.0, 0.0, 0.0, 0.001]
position:  x: -3.335665306274625e-08
y: -2.4618157401233e-08
z: 0.0
/sensor_topic written
pose: 
  position: 
    x: -3.335665306252941e-08
    y: -2.461815740090096e-08
    z: 0.0
  orientation: 
    x: -9.396597385451445e-08
    y: 1.2732434434524794e-07
    z: -2.7770282238343313e-10
    w: 0.9999999999999876
covariance: [1e-05, 0.0, 0.0, 0.0, 0.0, 0.0, 0.0, 1e-05, 0.0, 0.0, 0.0, 0.0, 0.0, 0.0, 1000000000000.0, 0.0, 0.0, 0.0, 0.0, 0.0, 0.0, 1000000000000.0, 0.0, 0.0, 0.0, 0.0, 0.0, 0.0, 1000000000000.0, 0.0, 0.0, 0.0, 0.0, 0.0, 0.0, 0.001]
position:  x: -3.335665306252941e-08
y: -2.461815740090096e-08
z: 0.0
/sensor_topic written
pose: 
  position: 
    x: -3.335665306252941e-08
    y: -2.461815740167176e-08
    z: 0.0
  orientation: 
    x: -9.396597385548797e-08
    y: 1.27324344345684e-07
    z: -2.777028221547347e-10
    w: 0.9999999999999876
covariance: [1e-05, 0.0, 0.0, 0.0, 0.0, 0.0, 0.0, 1e-05, 0.0, 0.0, 0.0, 0.0, 0.0, 0.0, 1000000000000.0, 0.0, 0.0, 0.0, 0.0, 0.0, 0.0, 1000000000000.0, 0.0, 0.0, 0.0, 0.0, 0.0, 0.0, 1000000000000.0, 0.0, 0.0, 0.0, 0.0, 0.0, 0.0, 0.001]
position:  x: -3.335665306252941e-08
y: -2.461815740167176e-08
z: 0.0
/sensor_topic written
pose: 
  position: 
    x: -3.335665306263783e-08
    y: -2.4618157401487108e-08
    z: 0.0
  orientation: 
    x: -9.396597385639321e-08
    y: 1.2732434434611464e-07
    z: -2.777028219313353e-10
    w: 0.9999999999999876
covariance: [1e-05, 0.0, 0.0, 0.0, 0.0, 0.0, 0.0, 1e-05, 0.0, 0.0, 0.0, 0.0, 0.0, 0.0, 1000000000000.0, 0.0, 0.0, 0.0, 0.0, 0.0, 0.0, 1000000000000.0, 0.0, 0.0, 0.0, 0.0, 0.0, 0.0, 1000000000000.0, 0.0, 0.0, 0.0, 0.0, 0.0, 0.0, 0.001]
position:  x: -3.335665306263783e-08
y: -2.4618157401487108e-08
z: 0.0
/sensor_topic written
... logging to /home/akram/.ros/log/9bdcfba2-86ff-11ed-b660-0f5e7a563ccd/roslaunch-akram-H410M-S2H-66419.log
Checking log directory for disk usage. This may take a while.
Press Ctrl-C to interrupt
Done checking log file disk usage. Usage is <1GB.
]2;/home/akram/CMP4/CR/Project/cr_req_b/src/req_b_pkg/launch/multi.launch
[1mstarted roslaunch server http://akram-H410M-S2H:38997/[0m

SUMMARY
========

PARAMETERS
 * /rosdistro: noetic
 * /rosversion: 1.15.15

NODES
  /
    sensor_reading (req_b_pkg/sensor_reading.py)

[1mROS_MASTER_URI=http://localhost:11311[0m
]2;/home/akram/CMP4/CR/Project/cr_req_b/src/req_b_pkg/launch/multi.launch http://localhost:11311
[1mprocess[sensor_reading-1]: started with pid [66443][0m
[sensor_reading-1] killing on exit
shutting down processing monitor...
... shutting down processing monitor complete
[1mdone[0m
